      0/49      0.3G    0.0668   0.00593    0.0361    0.1088         8       256   0.01128   0.05105  0.003564 0.0006181   0.08627  0.008607   0.03567
      1/49     0.35G   0.05647  0.006741   0.03416   0.09738        12       256    0.4737    0.0595   0.03027   0.01053   0.07878  0.008618   0.03479
      2/49     0.35G   0.05265  0.006548   0.03224   0.09144        11       256    0.2065    0.1568   0.06956   0.02467   0.07535  0.008064   0.03365
      3/49     0.35G   0.04988   0.00622   0.02964   0.08574        12       256    0.3943     0.206    0.1353   0.05518   0.06698   0.00773   0.03228
      4/49     0.35G   0.04703  0.006164   0.02749   0.08069        14       256    0.2116    0.2926    0.1866   0.08081   0.06324  0.007704   0.03243
      5/49     0.35G   0.04534  0.006055   0.02585   0.07724        11       256    0.2859    0.3583    0.2401     0.111   0.05993  0.007286   0.03257
      6/49     0.35G   0.04369  0.006036   0.02447    0.0742        12       256    0.3176    0.3872    0.2821    0.1371   0.05643   0.00737   0.03167
      7/49     0.35G   0.04288  0.005952   0.02356   0.07239        10       256      0.37    0.3985    0.3206    0.1622   0.05468  0.007115   0.03162
      8/49     0.35G   0.04173  0.005953    0.0228   0.07048        13       256    0.3889    0.4338     0.353     0.182   0.05271  0.007017   0.03147
      9/49     0.35G   0.04107  0.005869   0.02183   0.06876        10       256    0.4624     0.431    0.3896    0.2052   0.05196  0.006934   0.03073
     10/49     0.35G    0.0405  0.005824   0.02116   0.06748        11       256    0.4706    0.4336    0.3967    0.2083   0.04999  0.006891   0.03046
     11/49     0.35G   0.03997  0.005812   0.02055   0.06632        10       256    0.5268    0.4555    0.4423    0.2393   0.04822    0.0068   0.03057
     12/49     0.35G   0.03942  0.005741   0.01992   0.06508         7       256    0.5103    0.4992    0.4647     0.257   0.04708  0.006779   0.02966
     13/49     0.35G   0.03898  0.005693   0.01937   0.06404         9       256    0.5392    0.4895    0.4875    0.2727    0.0463   0.00665   0.02935
     14/49     0.35G   0.03832   0.00565   0.01875   0.06271        14       256    0.6541    0.4721    0.5139     0.297    0.0447  0.006762   0.02828
     15/49     0.35G   0.03832  0.005596   0.01831   0.06223         9       256    0.6059    0.5079    0.5422     0.314   0.04411  0.006647   0.02845
     16/49     0.35G   0.03777  0.005592   0.01785   0.06122        14       256    0.5604    0.5708    0.5508    0.3267   0.04343  0.006631   0.02874
     17/49     0.35G   0.03739  0.005547   0.01748   0.06041        17       256    0.6344    0.5505    0.5753    0.3402   0.04319  0.006636   0.02751
     18/49     0.35G   0.03702   0.00549   0.01725   0.05975         7       256     0.659    0.5452    0.5934    0.3588   0.04234  0.006627    0.0263
     19/49     0.35G   0.03699  0.005463   0.01698   0.05943         9       256    0.6803    0.5529     0.613    0.3682   0.04223  0.006509   0.02622
     20/49     0.35G   0.03651  0.005425   0.01661   0.05855        14       256    0.6189    0.6157    0.6248    0.3844   0.04111  0.006667   0.02599
     21/49     0.35G   0.03615  0.005401   0.01614    0.0577        10       256    0.7256    0.5545    0.6349    0.3923     0.041  0.006534   0.02564
     22/49     0.35G     0.036  0.005398   0.01615   0.05756        10       256    0.6914     0.582    0.6448    0.4033    0.0405   0.00656   0.02528
     23/49     0.35G   0.03559  0.005336   0.01585   0.05678         8       256     0.722    0.5869    0.6591    0.4138   0.04023  0.006631   0.02486
     24/49     0.35G    0.0356  0.005264   0.01553    0.0564         7       256     0.715     0.597    0.6627    0.4156   0.03985  0.006541   0.02482
     25/49     0.35G   0.03515  0.005252   0.01531   0.05571        11       256    0.7203    0.5992    0.6701    0.4262   0.03896  0.006618   0.02398
     26/49     0.35G   0.03496  0.005237   0.01503   0.05522        15       256    0.7295    0.6153    0.6794    0.4339   0.03878  0.006602   0.02351
     27/49     0.35G    0.0349   0.00517   0.01495   0.05502         9       256    0.7654    0.5974    0.6878    0.4348   0.03875  0.006553   0.02307
     28/49     0.35G    0.0345  0.005169   0.01476   0.05443         9       256    0.7456    0.6223    0.6905     0.441   0.03856  0.006574   0.02305
     29/49     0.35G   0.03432  0.005105   0.01453   0.05395        11       256    0.7321    0.6347    0.6988    0.4503   0.03822  0.006624   0.02283
     30/49     0.35G   0.03399   0.00514   0.01429   0.05342        10       256    0.7617    0.6289    0.7031    0.4531   0.03786  0.006578   0.02268
     31/49     0.35G   0.03383  0.005095   0.01417    0.0531         9       256     0.762    0.6321    0.7094    0.4611   0.03769  0.006602   0.02256
     32/49     0.35G   0.03351  0.005074   0.01397   0.05255        11       256    0.7578     0.642    0.7139    0.4637   0.03753    0.0066   0.02237
     33/49     0.35G   0.03344  0.005033   0.01375   0.05223        16       256    0.7745    0.6402    0.7177    0.4689   0.03714  0.006638   0.02218
     34/49     0.35G   0.03336  0.004985    0.0136   0.05195         9       256    0.7876    0.6317    0.7211    0.4716   0.03697  0.006658   0.02182
     35/49     0.35G   0.03312  0.004988   0.01352   0.05163        18       256    0.7943    0.6354     0.726    0.4766   0.03681  0.006638   0.02157
     36/49     0.35G   0.03306  0.004933   0.01338   0.05137         8       256    0.7445    0.6736    0.7254    0.4792   0.03664  0.006636   0.02142
     37/49     0.35G   0.03275  0.004943   0.01298   0.05067        11       256    0.7534    0.6704    0.7293    0.4835   0.03648  0.006682   0.02135
     38/49     0.35G   0.03241  0.004884   0.01282   0.05012        12       256    0.8029    0.6405    0.7314    0.4872   0.03634  0.006662   0.02122
     39/48    0.237G   0.03223   0.00487   0.01287   0.04997         8       256    0.8083    0.6401    0.7342    0.4887   0.03612  0.006669   0.02118
     40/48    0.912G   0.03413  0.005008   0.01393   0.05307        12       256    0.8117    0.6428    0.7363    0.4907    0.0361  0.006614   0.02113
     41/48    0.912G   0.03481  0.005089   0.01463   0.05453        11       256    0.8193    0.6382    0.7345    0.4896    0.0363  0.006561   0.02103
     42/48    0.912G   0.03535   0.00512   0.01483   0.05531        12       256     0.803    0.6441    0.7322    0.4859   0.03643  0.006562   0.02092
     43/48    0.912G   0.03554  0.005175   0.01512   0.05584        14       256    0.8255    0.6189    0.7294    0.4825   0.03649  0.006531     0.021
     44/48    0.912G   0.03574  0.005099   0.01478   0.05562        11       256    0.8083    0.6323    0.7321    0.4818   0.03661  0.006502   0.02093
     45/48    0.912G   0.03542  0.005124   0.01471   0.05525        12       256    0.7586    0.6647    0.7329    0.4836   0.03665  0.006494   0.02094
     46/48    0.912G    0.0355  0.005071   0.01449   0.05506        10       256    0.7837    0.6507    0.7356    0.4845   0.03664  0.006493   0.02087
     47/48    0.912G   0.03488  0.005079   0.01438   0.05434        13       256    0.7714    0.6622     0.739    0.4874   0.03651   0.00648   0.02073
     48/48    0.912G   0.03451  0.005009   0.01396   0.05348        10       256    0.7906    0.6571    0.7414    0.4892   0.03636  0.006483   0.02063
