      0/49    0.302G   0.06684  0.005944   0.03615    0.1089         8       256  0.002936    0.1311   0.00121 0.0002361   0.08893  0.008532   0.04014
      1/49     0.35G   0.05672  0.006591    0.0342   0.09752        12       256    0.2548   0.08983   0.04122   0.01254   0.07682  0.008353   0.03602
      2/49     0.35G   0.05285  0.006398   0.03199   0.09124        11       256    0.4254    0.1506    0.1007   0.03459   0.07075  0.008429   0.03374
      3/49     0.35G   0.04935  0.006069    0.0291   0.08452        12       256    0.2637    0.3089    0.1732    0.0724   0.06796  0.007625   0.03147
      4/49     0.35G   0.04665  0.005883   0.02639   0.07892        14       256    0.3693    0.3137    0.2335    0.1016   0.06899  0.007067    0.0308
      5/49     0.35G   0.04494  0.005726   0.02449   0.07515        11       256    0.3359    0.3894    0.3036    0.1449   0.06185  0.007187   0.03008
      6/49     0.35G   0.04335  0.005693   0.02311   0.07215        12       256    0.4204    0.3866    0.3688     0.188   0.05974  0.007087   0.02951
      7/49     0.35G   0.04259  0.005548   0.02193   0.07007        10       256    0.4243     0.469    0.4109    0.2137   0.06107  0.006547    0.0286
      8/49     0.35G   0.04139  0.005545   0.02132   0.06825        13       256    0.4933    0.4672    0.4553    0.2452   0.05805  0.006789   0.02781
      9/49     0.35G   0.04103  0.005447   0.02024   0.06672        10       256    0.5512    0.4763    0.4892    0.2678    0.0547  0.007029   0.02704
     10/49     0.35G   0.04023  0.005411   0.01969   0.06533        11       256    0.5724    0.4968    0.5207    0.2916   0.05409  0.006825   0.02604
     11/49     0.35G   0.03976  0.005372   0.01907    0.0642        10       256    0.5818    0.5274    0.5381     0.308   0.05286  0.006782   0.02595
     12/49     0.35G   0.03912  0.005311   0.01846    0.0629         7       256    0.5925    0.5559    0.5685    0.3297   0.05114  0.006877   0.02529
     13/49     0.35G   0.03848  0.005242   0.01796   0.06168         9       256    0.5971    0.5778    0.5887    0.3447   0.05194  0.006653   0.02391
     14/49     0.35G   0.03785  0.005187   0.01741   0.06044        14       256    0.6349    0.5835    0.6195    0.3672   0.05011  0.006693   0.02313
     15/49     0.35G   0.03774  0.005151   0.01717   0.06006         9       256    0.6572    0.6102     0.632    0.3823   0.04997  0.006536   0.02298
     16/49     0.35G    0.0373  0.005139   0.01656     0.059        14       256    0.6742    0.6142      0.65    0.3969   0.04896  0.006595   0.02208
     17/49     0.35G   0.03682  0.005092   0.01632   0.05823        17       256    0.6842    0.6418    0.6713    0.4149   0.04748  0.006683   0.02103
     18/49     0.35G   0.03656  0.005041   0.01599   0.05758         7       256    0.7462    0.6201    0.6889    0.4279   0.04743  0.006654   0.02033
     19/49     0.35G   0.03637  0.005012   0.01564   0.05702         9       256    0.7419    0.6345    0.7036    0.4393   0.04642  0.006612   0.01994
     20/49     0.35G   0.03606  0.004978   0.01555   0.05658        14       256    0.7585    0.6382     0.709    0.4413   0.04598  0.006654    0.0197
     21/49     0.35G   0.03558  0.004929     0.015   0.05551        10       256    0.7656    0.6524    0.7216    0.4466   0.04644  0.006578   0.01905
     22/49     0.35G   0.03542  0.004927   0.01491   0.05526        10       256    0.7778     0.642    0.7278    0.4555   0.04537  0.006682   0.01874
     23/49     0.35G   0.03497  0.004865   0.01464   0.05448         8       256    0.7554    0.6886    0.7397    0.4702   0.04467  0.006636   0.01816
     24/49     0.35G   0.03483  0.004813   0.01422   0.05387         7       256    0.7991    0.6808     0.752    0.4824   0.04422  0.006677   0.01802
     25/49     0.35G   0.03452  0.004798   0.01413   0.05345        11       256    0.8161    0.6754    0.7578     0.483    0.0443  0.006614   0.01764
     26/49     0.35G   0.03426  0.004773   0.01379   0.05282        15       256    0.8201    0.6897    0.7684     0.498   0.04364  0.006619   0.01747
     27/49     0.35G   0.03446  0.004747   0.01373   0.05294         9       256    0.8402    0.6863    0.7747    0.5034   0.04334  0.006607     0.017
     28/49     0.35G   0.03365  0.004735   0.01324   0.05163         9       256    0.8045    0.6884    0.7721    0.5077   0.04245  0.006677    0.0168
     29/49     0.35G   0.03361  0.004654   0.01314   0.05141        11       256    0.8516    0.6805    0.7828    0.5148   0.04239  0.006658   0.01642
     30/49     0.35G   0.03334  0.004664   0.01287   0.05088        10       256    0.8251    0.7098    0.7901    0.5231   0.04182  0.006689   0.01618
     31/49     0.35G   0.03303  0.004648   0.01279   0.05047         9       256    0.8606     0.696     0.794    0.5242   0.04157  0.006695   0.01585
     32/49     0.35G   0.03277  0.004629   0.01263   0.05002        11       256    0.8745    0.6964    0.7966      0.53   0.04096  0.006743   0.01567
     33/49     0.35G   0.03253  0.004582   0.01231   0.04943        16       256    0.8546    0.7079     0.796    0.5299   0.04082  0.006771   0.01542
     34/49     0.35G   0.03248  0.004532   0.01208   0.04909         9       256    0.8569    0.7028    0.8007    0.5337   0.04097  0.006744   0.01522
     35/49     0.35G   0.03228  0.004529    0.0121   0.04891        18       256    0.8527    0.7101    0.8029    0.5375   0.04085  0.006739   0.01497
     36/49     0.35G   0.03208  0.004471   0.01195    0.0485         8       256    0.8683    0.7058    0.8083    0.5407   0.04058  0.006754   0.01481
     37/49     0.35G   0.03195   0.00448    0.0117   0.04813        11       256    0.8339    0.7276    0.8069    0.5429   0.04047   0.00677   0.01471
     38/49     0.35G   0.03156  0.004432   0.01163   0.04763        12       256    0.8477    0.7182    0.8098    0.5439    0.0402   0.00679    0.0145
     39/49     0.35G   0.03142  0.004435   0.01127   0.04713        12       256    0.8827    0.6982    0.8135    0.5447   0.03996  0.006829   0.01432
     40/49     0.35G   0.03133  0.004398    0.0112   0.04692        18       256    0.8746    0.7155    0.8174    0.5485   0.03983  0.006848   0.01415
     41/49     0.35G   0.03117  0.004375   0.01096   0.04651        19       256     0.882     0.716    0.8201      0.55   0.03963  0.006857   0.01402
     42/49     0.35G   0.03087  0.004385   0.01089   0.04615        11       256    0.8897    0.7176    0.8235    0.5541   0.03953  0.006851    0.0139
     43/49     0.35G   0.03077   0.00434   0.01081   0.04592        14       256    0.8949    0.7147    0.8249    0.5554   0.03941  0.006857   0.01375
     44/49     0.35G   0.03067    0.0043   0.01067   0.04564         9       256    0.8926    0.7177    0.8268     0.559   0.03931  0.006858   0.01362
     45/49     0.35G   0.03072  0.004332   0.01059   0.04564        14       256    0.8601    0.7399    0.8288     0.561    0.0392  0.006866   0.01349
     46/49     0.35G   0.03053  0.004306   0.01026    0.0451        13       256    0.8499    0.7498    0.8304    0.5628   0.03906  0.006878   0.01342
     47/49     0.35G   0.03027  0.004279    0.0104   0.04495         9       256    0.8883    0.7261    0.8303     0.564   0.03896  0.006876   0.01335
     48/49     0.35G   0.03037  0.004248   0.01039   0.04501        14       256    0.8712    0.7385    0.8309    0.5661   0.03886  0.006891   0.01326
     49/49     0.35G   0.03027  0.004224    0.0101   0.04459        12       256    0.8669    0.7409    0.8318    0.5678   0.03877  0.006901    0.0132
