      0/49      0.3G   0.06971  0.005715   0.03705    0.1125         1       256 0.0008932    0.2254 0.0003101 4.858e-05    0.0969  0.007706   0.03833
      1/49     0.35G   0.06175  0.006311   0.03597     0.104         2       256  0.007438    0.1274  0.004074 0.0007874    0.0914  0.008746   0.05351
      2/49     0.35G   0.05775  0.006351   0.03498   0.09908         2       256     0.243   0.09584   0.02891  0.008153   0.08191  0.008337   0.03839
      3/49     0.35G   0.05505  0.006449   0.03396   0.09546         2       256   0.09956    0.1674   0.04656   0.01662   0.07783  0.008486   0.03492
      4/49     0.35G    0.0521  0.006348   0.03272   0.09117         4       256   0.09283    0.2204   0.07665   0.02906   0.07615  0.007978   0.03371
      5/49     0.35G   0.05086  0.006151   0.03123   0.08824         4       256    0.2515    0.2505    0.1229   0.04561    0.0735  0.007746    0.0334
      6/49     0.35G   0.04913  0.006095   0.02984   0.08507         1       256    0.4179    0.2033    0.1615   0.06422   0.07342  0.007552   0.03207
      7/49     0.35G   0.04778  0.006054    0.0284   0.08224         2       256    0.2578    0.2741    0.1855   0.07755   0.06932  0.007555    0.0319
      8/49     0.35G   0.04751  0.005895   0.02725   0.08066         2       256    0.2112    0.3679    0.2123   0.09129   0.06993   0.00713   0.03147
      9/49     0.35G   0.04629   0.00591   0.02637   0.07857         5       256    0.2954    0.3607    0.2605    0.1165   0.06526  0.007093   0.03115
     10/49     0.35G   0.04578   0.00583   0.02568   0.07729         2       256     0.298    0.3949    0.2802    0.1247   0.06165  0.007408   0.03076
     11/49     0.35G   0.04513  0.005883   0.02488   0.07589         2       256    0.3505    0.3868    0.3129    0.1467   0.06038  0.007354   0.03066
     12/49     0.35G   0.04424  0.005793   0.02408   0.07411         2       256    0.4151    0.3803    0.3332    0.1564    0.0608  0.006984    0.0305
     13/49     0.35G   0.04384  0.005741   0.02378   0.07336         2       256     0.422    0.4125     0.361    0.1741   0.06023  0.007139    0.0297
     14/49     0.35G    0.0434  0.005783   0.02314   0.07232         2       256    0.4591    0.3966    0.3784    0.1859   0.05931  0.006811   0.02983
     15/49     0.35G   0.04306  0.005705   0.02286   0.07162         5       256    0.4538    0.4474     0.394     0.191   0.05788  0.007021   0.02924
     16/49     0.35G   0.04249  0.005664   0.02197   0.07012         2       256    0.4695    0.4499    0.4138    0.2112    0.0555  0.007143    0.0296
     17/49     0.35G   0.04211  0.005659    0.0219   0.06966         2       256    0.4565    0.4626    0.4192    0.2198   0.05525  0.007291   0.02915
     18/49     0.35G   0.04178  0.005609   0.02134   0.06873         1       256     0.499    0.4793    0.4583    0.2368   0.05339  0.007294   0.02876
     19/49     0.35G   0.04102  0.005514   0.02054   0.06707         5       256    0.5551    0.4802    0.4809    0.2526   0.05413  0.006889   0.02773
     20/49     0.35G   0.04079  0.005563   0.02055    0.0669         6       256    0.5209    0.5246    0.4797    0.2563   0.05422  0.006876   0.02781
     21/49     0.35G   0.04046  0.005512   0.02001   0.06598         2       256     0.572     0.499    0.5015    0.2752   0.05427  0.006781   0.02714
     22/49     0.35G   0.04027  0.005486   0.01965   0.06541         1       256    0.5467    0.5387    0.5169    0.2873   0.05332  0.006768    0.0266
     23/49     0.35G   0.03988  0.005482    0.0192   0.06456         2       256    0.5745    0.5486    0.5336    0.2951   0.05216  0.006839   0.02689
     24/49     0.35G   0.03924  0.005415   0.01899   0.06365         4       256    0.6051    0.5404    0.5514     0.309   0.05087  0.006958     0.026
     25/49     0.35G   0.03913  0.005437   0.01847   0.06304         2       256    0.6016    0.5677    0.5597    0.3113   0.05064   0.00695     0.026
     26/49     0.35G    0.0389  0.005367   0.01802   0.06229         2       256    0.6462    0.5485     0.574    0.3236   0.05059  0.006906    0.0257
     27/49     0.35G   0.03844  0.005318   0.01803   0.06179         1       256    0.6736    0.5575    0.5901    0.3401   0.05047  0.006843    0.0251
     28/49     0.35G   0.03842  0.005336   0.01771   0.06147         2       256    0.6356    0.5811    0.5985    0.3404    0.0502  0.006889    0.0253
     29/49     0.35G   0.03795  0.005293    0.0174   0.06064         1       256    0.6847    0.5735    0.6095    0.3541    0.0493  0.006788   0.02477
     30/49     0.35G   0.03779  0.005278   0.01714   0.06021         2       256    0.6641    0.5895    0.6198    0.3592   0.04907  0.006824   0.02412
     31/49     0.35G   0.03776  0.005226   0.01698   0.05996         1       256    0.6848    0.6001    0.6385    0.3763   0.04836  0.006794    0.0237
     32/49     0.35G   0.03726   0.00521   0.01674   0.05921         4       256    0.6888    0.5984    0.6366    0.3801   0.04746   0.00688   0.02394
     33/49     0.35G   0.03675   0.00516   0.01632   0.05823         1       256    0.6551    0.6099    0.6382    0.3868   0.04809  0.006818   0.02358
     34/49     0.35G   0.03675  0.005212   0.01605     0.058         1       256    0.7125    0.5987    0.6571    0.3943   0.04756  0.006927   0.02294
     35/49     0.35G    0.0365  0.005155   0.01578   0.05744         4       256    0.7191    0.6305    0.6818    0.4086    0.0469  0.006805   0.02299
     36/49     0.35G   0.03613  0.005086    0.0155   0.05672         4       256    0.7467    0.5935    0.6735    0.4072   0.04693  0.006875   0.02268
     37/49     0.35G   0.03604  0.005143   0.01531   0.05649         2       256    0.7896    0.5856    0.6835    0.4155   0.04641  0.006744   0.02244
     38/49     0.35G   0.03591  0.005131    0.0153   0.05634         3       256    0.7661    0.6121    0.6921     0.424   0.04568  0.006896   0.02204
     39/49     0.35G   0.03553  0.005066   0.01509   0.05568         1       256    0.7516    0.6384    0.6927    0.4251   0.04504  0.006918   0.02202
     40/49     0.35G   0.03534  0.005068   0.01507   0.05548         0       256    0.7565    0.6382    0.6996    0.4315   0.04466  0.006989   0.02149
     41/49     0.35G   0.03517   0.00504   0.01459   0.05479         1       256    0.7765    0.6187     0.704     0.433   0.04418  0.007014   0.02133
     42/49     0.35G   0.03477  0.005039   0.01473   0.05454         2       256    0.7682    0.6321    0.7113    0.4382   0.04429   0.00694   0.02121
     43/49     0.35G   0.03502  0.005006   0.01435   0.05437         1       256     0.782    0.6384     0.718    0.4405   0.04397  0.006975   0.02088
     44/49     0.35G   0.03474  0.004923   0.01437   0.05403         1       256    0.7475    0.6489    0.7128    0.4467   0.04386  0.007006    0.0206
     45/49     0.35G   0.03457  0.004915   0.01446   0.05395         3       256    0.7812    0.6353    0.7182    0.4477   0.04379  0.006975   0.02067
     46/49     0.35G   0.03462  0.004991    0.0141   0.05371         5       256     0.774    0.6414    0.7195    0.4507   0.04325  0.007019   0.02052
     47/49     0.35G   0.03436  0.004922   0.01376   0.05305         2       256    0.8009    0.6284    0.7227    0.4549   0.04321  0.007027   0.02052
     48/49     0.35G   0.03431  0.004932   0.01393   0.05317         1       256    0.7972    0.6375    0.7273    0.4547   0.04311  0.007034   0.02008
     49/49     0.35G   0.03382   0.00492   0.01363   0.05237         4       256    0.7811    0.6522    0.7287    0.4577   0.04317  0.006963   0.02016
