      0/49    0.371G   0.07312  0.005332    0.0161   0.09455        12       256  0.009569   0.01186  0.002911 0.0004077    0.1017     0.007    0.0169
      1/49     0.35G   0.06819  0.005638   0.01513   0.08896        16       256   0.00812    0.0415  0.003687 0.0005759    0.1016  0.007882    0.0191
      2/49     0.35G   0.06575  0.005862   0.01348   0.08509        14       256  0.008204    0.3414  0.005513 0.0008385   0.09539  0.007115   0.01799
      3/49     0.35G   0.06438    0.0058   0.01268   0.08286        11       256    0.5477   0.06934   0.02108  0.003972   0.09067  0.007436   0.01225
      4/49     0.35G   0.06487  0.005708   0.01269   0.08327        16       256    0.5338   0.08498   0.01474  0.002717   0.09786  0.006783   0.01765
      5/49     0.35G   0.06359  0.005611   0.01132   0.08052        20       256   0.03832    0.1522   0.02787  0.005477   0.09285  0.007149   0.01374
      6/49     0.35G   0.06132  0.005891    0.0105   0.07772        21       256    0.5601    0.1067   0.04492   0.00876   0.09016   0.00749    0.0151
      7/49     0.35G   0.06194  0.005822   0.01046   0.07822        21       256    0.6075    0.1482   0.07406   0.01404   0.08989  0.007476   0.01182
      8/49     0.35G   0.06049  0.005851   0.01001   0.07635        13       256    0.5913   0.09091   0.04464  0.009307   0.09428  0.007109   0.01653
      9/49     0.35G   0.05986  0.005981  0.009977   0.07582        17       256    0.6174    0.1838    0.1042     0.025   0.08744  0.007584   0.01046
     10/49     0.35G   0.05754  0.006057  0.009313   0.07291        18       256    0.7086      0.17    0.1617   0.04843   0.08388  0.007854   0.01183
     11/49     0.35G   0.05814  0.005812  0.009204   0.07315        17       256    0.7188    0.1818    0.1923   0.04679   0.08574  0.007772    0.0299
     12/49     0.35G   0.05705  0.005702  0.008735   0.07148        16       256    0.7472    0.1758     0.227   0.06077   0.08261  0.007687   0.01352
     13/49     0.35G   0.05686  0.005723   0.00876   0.07134        21       256    0.4259    0.3059    0.2746   0.08578   0.08384  0.007543    0.0105
     14/49     0.35G   0.05613  0.005532  0.007939    0.0696        16       256     0.342    0.3298    0.2859   0.09228   0.08487  0.007401   0.01693
     15/49     0.35G   0.05539  0.005722  0.008199   0.06931        17       256    0.4041    0.3675    0.3227    0.1029   0.08286  0.007581  0.008945
     16/49     0.35G   0.05528  0.005568  0.007462   0.06831        21       256    0.5708    0.3305     0.363    0.1195   0.08241  0.007662  0.009577
     17/49     0.35G   0.05531  0.005465  0.007647   0.06842        20       256    0.4996     0.332    0.3438    0.1149   0.08329  0.007764   0.02584
     18/49     0.35G   0.05506  0.005305  0.007908   0.06827        16       256    0.5477    0.3886    0.4108    0.1501   0.07935    0.0077   0.00908
     19/49     0.35G   0.05391  0.005349  0.007336   0.06659        14       256    0.5955    0.3529    0.3894    0.1238   0.07724  0.008065   0.01166
     20/49     0.35G   0.05326  0.005408  0.007147   0.06582        18       256    0.6092    0.4311    0.4569     0.156   0.07621  0.007858   0.01372
     21/49     0.35G   0.05317  0.005287  0.007545     0.066        14       256    0.5661    0.4308    0.4633    0.1672   0.07583  0.007637  0.008609
     22/49     0.35G   0.05292  0.005229  0.007172   0.06532        16       256    0.7129     0.433    0.4979    0.1788   0.07614   0.00766   0.01065
     23/49     0.35G   0.05115  0.005292   0.00652   0.06297        16       256    0.6113    0.4837    0.5187    0.1997   0.07537  0.007789  0.008157
     24/49     0.35G   0.05144  0.005348  0.006403   0.06319        15       256    0.6674    0.4458    0.5203    0.2052   0.07212  0.008026  0.007702
     25/49     0.35G   0.05121  0.005271  0.006576   0.06306        17       256    0.6413    0.5081     0.543    0.2013   0.07128   0.00805  0.008252
     26/49     0.35G   0.05172  0.005263  0.006557   0.06354        19       256    0.5484    0.5289    0.5179    0.1929   0.07182  0.007945  0.007017
     27/49     0.35G    0.0509  0.005219  0.006277    0.0624        13       256    0.6182      0.52    0.5547    0.2231   0.07324  0.007697   0.01073
     28/49     0.35G    0.0508  0.005017  0.006341   0.06215        13       256    0.7213    0.5099    0.5588    0.2269   0.07292  0.007483  0.007814
     29/49     0.35G   0.05028  0.005239  0.006292   0.06181        18       256    0.6746    0.5296    0.5721    0.2327   0.07249  0.007639  0.007147
     30/49     0.35G   0.04925  0.005136  0.005799   0.06019        17       256    0.8035    0.5234    0.6282    0.2645   0.06995  0.007618  0.006654
     31/49     0.35G   0.04937  0.005163  0.006223   0.06075        21       256    0.7592    0.5355    0.6274    0.2514   0.07081   0.00753  0.006171
     32/49     0.35G   0.04921  0.005173  0.005643   0.06003        21       256    0.7632    0.5564    0.6388     0.263   0.06925  0.007609  0.006028
     33/49     0.35G    0.0482  0.005067  0.005769   0.05903        18       256    0.7816    0.5647    0.6503    0.2887   0.06807  0.007607   0.00578
     34/49     0.35G   0.04869  0.004951  0.005579   0.05922        19       256     0.679     0.602    0.6419    0.2704   0.06773  0.007764  0.006255
     35/49     0.35G   0.04843  0.005206  0.005299   0.05894        14       256    0.7196    0.5979    0.6491    0.2825   0.06739  0.007831  0.005811
     36/49     0.35G   0.04835  0.005107  0.005559   0.05902        15       256    0.7917    0.5732    0.6605    0.2916     0.067   0.00771  0.005691
     37/49     0.35G   0.04796  0.005075  0.005809   0.05885        17       256    0.7672    0.6325     0.689    0.3021   0.06549  0.007743  0.005786
     38/49     0.35G   0.04719  0.005203  0.005312   0.05771        15       256    0.7708    0.6207     0.691    0.3016   0.06534  0.007786  0.005683
     39/49     0.35G   0.04658  0.005017  0.004863   0.05646        18       256    0.7023    0.6282    0.6731    0.3028   0.06583  0.007682   0.00555
     40/49     0.35G   0.04682  0.005263  0.005244   0.05733        21       256    0.8529    0.6096    0.7103    0.3187   0.06405  0.007743  0.005204
     41/49     0.35G   0.04689  0.005061  0.005171   0.05712        27       256    0.7524    0.6549    0.7083     0.317   0.06462  0.007642  0.005818
     42/49     0.35G   0.04703  0.005002  0.004675    0.0567        13       256    0.8263    0.5975    0.6959    0.3146   0.06317  0.007771  0.005287
     43/49     0.35G   0.04602  0.005071   0.00502   0.05611        16       256    0.7995    0.6296    0.7073    0.3258   0.06343   0.00765  0.005752
     44/49     0.35G   0.04668  0.005015   0.00511   0.05681        16       256     0.795    0.6439    0.7226    0.3376   0.06257   0.00762  0.005367
     45/49     0.35G   0.04595  0.005118  0.004743   0.05582        14       256    0.7446    0.6789    0.7264    0.3343   0.06332  0.007573   0.00532
     46/49     0.35G   0.04622  0.004974  0.004785   0.05598        23       256    0.7813    0.6768    0.7395    0.3338   0.06298  0.007606  0.005061
     47/49     0.35G   0.04558  0.005021  0.004575   0.05517        15       256    0.7785    0.6617    0.7332    0.3356   0.06257  0.007712  0.004791
     48/49     0.35G   0.04598  0.005029  0.004295    0.0553        14       256    0.7934    0.6688    0.7443    0.3358   0.06252   0.00767  0.005178
     49/49     0.35G   0.04472  0.004957  0.004897   0.05458        12       256    0.8655    0.6263     0.733    0.3371   0.06221  0.007658   0.00501
