      0/49    0.306G    0.0666  0.005982   0.03612    0.1087         8       256   0.01347    0.1117  0.005251 0.0009532   0.08846  0.008459   0.03582
      1/49     0.35G   0.05651  0.006595   0.03421   0.09731        12       256    0.3577   0.08973   0.03211   0.00935   0.08078   0.00815   0.03488
      2/49     0.35G   0.05224  0.006393   0.03275   0.09138        11       256    0.2118    0.2008   0.09369   0.03368   0.07525  0.007901   0.03363
      3/49     0.35G   0.04937  0.006075   0.03017   0.08562        12       256    0.3159     0.266    0.1699   0.07366   0.06593  0.007921    0.0327
      4/49     0.35G   0.04673    0.0059   0.02725   0.07988        14       256    0.2605    0.3484    0.2426    0.1127   0.06364  0.007518   0.03193
      5/49     0.35G   0.04498   0.00574   0.02508    0.0758        11       256    0.3297    0.4038    0.3021    0.1493   0.05637  0.007918   0.03168
      6/49     0.35G   0.04349  0.005714   0.02346   0.07267        12       256    0.3271    0.4575    0.3237    0.1665   0.05567  0.007745   0.03222
      7/49     0.35G   0.04269  0.005608   0.02227   0.07056        10       256    0.4254    0.4397    0.4077    0.2166   0.05434  0.007433   0.03053
      8/49     0.35G   0.04146  0.005586   0.02135   0.06839        13       256    0.4586    0.4965    0.4522    0.2443   0.05281  0.007312   0.02923
      9/49     0.35G    0.0409  0.005498   0.02019   0.06659        10       256    0.4658    0.5502    0.4836    0.2734    0.0509  0.007198   0.02856
     10/49     0.35G   0.04005  0.005462   0.01944   0.06495        11       256    0.5226    0.5202    0.5093    0.2906   0.05177  0.006878   0.02815
     11/49     0.35G   0.03945  0.005423   0.01883    0.0637        10       256    0.6156    0.5278    0.5428     0.317   0.05077   0.00701   0.02668
     12/49     0.35G   0.03894  0.005363   0.01828   0.06258         7       256    0.6051     0.549    0.5673     0.334   0.04826  0.007043    0.0265
     13/49     0.35G   0.03844  0.005286   0.01773   0.06146         9       256    0.6506    0.5691    0.5958    0.3509   0.04685  0.007108   0.02552
     14/49     0.35G    0.0379  0.005254   0.01726   0.06042        14       256    0.6529    0.6083    0.6266    0.3762   0.04654  0.007173   0.02459
     15/49     0.35G    0.0377  0.005182   0.01701   0.05989         9       256    0.6439     0.629    0.6416    0.3805   0.04473   0.00726   0.02434
     16/49     0.35G   0.03708  0.005164   0.01634   0.05859        14       256    0.7337    0.6178    0.6693    0.4091   0.04379  0.007205    0.0238
     17/49     0.35G   0.03682  0.005121    0.0162   0.05815        17       256    0.7531    0.6043    0.6774    0.4199   0.04364  0.007132   0.02303
     18/49     0.35G   0.03641  0.005077   0.01571   0.05719         7       256    0.7281     0.647    0.6921    0.4248   0.04381  0.007184   0.02214
