      0/49    0.306G    0.0666  0.005982   0.03612    0.1087         8       256   0.01347    0.1117  0.005251 0.0009532   0.08846  0.008459   0.03582
      1/49     0.35G   0.05651  0.006595   0.03421   0.09731        12       256    0.3577   0.08973   0.03211   0.00935   0.08078   0.00815   0.03488
      2/49     0.35G   0.05224  0.006393   0.03275   0.09138        11       256    0.2118    0.2008   0.09369   0.03368   0.07525  0.007901   0.03363
      3/49     0.35G   0.04937  0.006075   0.03017   0.08562        12       256    0.3159     0.266    0.1699   0.07366   0.06593  0.007921    0.0327
      4/49     0.35G   0.04673    0.0059   0.02725   0.07988        14       256    0.2605    0.3484    0.2426    0.1127   0.06364  0.007518   0.03193
      5/49     0.35G   0.04498   0.00574   0.02508    0.0758        11       256    0.3297    0.4038    0.3021    0.1493   0.05637  0.007918   0.03168
      6/49     0.35G   0.04349  0.005714   0.02346   0.07267        12       256    0.3271    0.4575    0.3237    0.1665   0.05567  0.007745   0.03222
      7/49     0.35G   0.04269  0.005608   0.02227   0.07056        10       256    0.4254    0.4397    0.4077    0.2166   0.05434  0.007433   0.03053
      8/49     0.35G   0.04146  0.005586   0.02135   0.06839        13       256    0.4586    0.4965    0.4522    0.2443   0.05281  0.007312   0.02923
      9/49     0.35G    0.0409  0.005498   0.02019   0.06659        10       256    0.4658    0.5502    0.4836    0.2734    0.0509  0.007198   0.02856
     10/49     0.35G   0.04005  0.005462   0.01944   0.06495        11       256    0.5226    0.5202    0.5093    0.2906   0.05177  0.006878   0.02815
     11/49     0.35G   0.03945  0.005423   0.01883    0.0637        10       256    0.6156    0.5278    0.5428     0.317   0.05077   0.00701   0.02668
     12/49     0.35G   0.03894  0.005363   0.01828   0.06258         7       256    0.6051     0.549    0.5673     0.334   0.04826  0.007043    0.0265
     13/49     0.35G   0.03844  0.005286   0.01773   0.06146         9       256    0.6506    0.5691    0.5958    0.3509   0.04685  0.007108   0.02552
     14/49     0.35G    0.0379  0.005254   0.01726   0.06042        14       256    0.6529    0.6083    0.6266    0.3762   0.04654  0.007173   0.02459
     15/49     0.35G    0.0377  0.005182   0.01701   0.05989         9       256    0.6439     0.629    0.6416    0.3805   0.04473   0.00726   0.02434
     16/49     0.35G   0.03708  0.005164   0.01634   0.05859        14       256    0.7337    0.6178    0.6693    0.4091   0.04379  0.007205    0.0238
     17/49     0.35G   0.03682  0.005121    0.0162   0.05815        17       256    0.7531    0.6043    0.6774    0.4199   0.04364  0.007132   0.02303
     18/49     0.35G   0.03641  0.005077   0.01571   0.05719         7       256    0.7281     0.647    0.6921    0.4248   0.04381  0.007184   0.02214
     19/49     0.35G    0.0361  0.005029   0.01555   0.05667         9       256    0.7213    0.6618    0.7038     0.441   0.04237   0.00711   0.02153
     20/49     0.35G   0.03572  0.004955    0.0154   0.05607        14       256    0.7322    0.6618     0.715    0.4497   0.04274  0.007153   0.02061
     21/49     0.35G   0.03545  0.004953    0.0149   0.05531        10       256    0.7474    0.6712    0.7262    0.4584   0.04204  0.007172   0.02062
     22/49     0.35G   0.03508  0.004949    0.0149   0.05493        10       256     0.762    0.6765    0.7378    0.4685   0.04235  0.007061      0.02
     23/49     0.35G   0.03489  0.004874   0.01454    0.0543         8       256    0.8178    0.6578    0.7456    0.4795   0.04205  0.007006   0.01961
     24/49     0.35G   0.03464  0.004831   0.01424   0.05372         7       256    0.8053    0.6679    0.7525    0.4873   0.04129   0.00701   0.01958
     25/49     0.35G   0.03439  0.004813   0.01423   0.05343        11       256    0.8189    0.6752    0.7609    0.4931   0.04073  0.007057   0.01921
     26/49     0.35G   0.03423  0.004801   0.01387    0.0529        15       256    0.8327    0.6716    0.7677    0.5022   0.04029  0.007147   0.01905
     27/49     0.35G    0.0343  0.004751   0.01361   0.05266         9       256    0.8271    0.6945    0.7762    0.5069   0.04065  0.007015   0.01852
     28/49     0.35G   0.03362   0.00474   0.01337   0.05174         9       256     0.855    0.6731    0.7771    0.5128   0.04032  0.007015   0.01798
     29/49     0.35G   0.03344  0.004665   0.01318   0.05129        11       256    0.8491    0.6915    0.7804    0.5175    0.0402  0.006998   0.01793
     30/49     0.35G   0.03325  0.004688   0.01301   0.05094        10       256     0.829    0.7076    0.7838    0.5209   0.04002  0.006979   0.01765
     31/49     0.35G   0.03296  0.004653   0.01277   0.05038         9       256    0.8381    0.7095    0.7925    0.5264   0.03945   0.00704   0.01753
     32/49     0.35G   0.03266  0.004636   0.01262   0.04991        11       256     0.846     0.716    0.7978    0.5333   0.03869  0.007125   0.01717
     33/49     0.35G   0.03263  0.004601   0.01238   0.04961        16       256    0.8907    0.6915    0.7999     0.537   0.03855  0.007094   0.01703
     34/49     0.35G   0.03245  0.004553   0.01222   0.04922         9       256    0.8608    0.7135    0.8045    0.5384   0.03838  0.007114   0.01668
     35/49     0.35G   0.03219  0.004542    0.0121   0.04883        18       256    0.8654    0.7185    0.8078    0.5413   0.03809  0.007127   0.01637
     36/49     0.35G   0.03207    0.0045   0.01198   0.04855         8       256    0.8641    0.7194    0.8102    0.5442   0.03781  0.007144   0.01635
     37/49     0.35G   0.03183  0.004486    0.0117   0.04802        11       256    0.8669    0.7201    0.8116     0.546   0.03754  0.007173   0.01615
     38/49     0.35G    0.0314   0.00443   0.01159   0.04742        12       256     0.865    0.7301    0.8159    0.5478   0.03743  0.007172   0.01592
     39/49     0.35G    0.0314  0.004453   0.01136   0.04721        12       256    0.8603    0.7385    0.8185    0.5511   0.03731  0.007193    0.0157
     40/49     0.35G   0.03136  0.004419   0.01133   0.04711        18       256    0.8799    0.7217    0.8205     0.553   0.03718  0.007203   0.01553
     41/49     0.35G    0.0312  0.004388   0.01097   0.04656        19       256    0.8585    0.7388    0.8222     0.555   0.03716  0.007199   0.01546
     42/49     0.35G   0.03088   0.00438   0.01092   0.04619        11       256    0.8615    0.7393    0.8236    0.5597   0.03705  0.007202   0.01536
     43/49     0.35G   0.03076  0.004344   0.01089     0.046        14       256    0.8784    0.7297    0.8244    0.5598   0.03699   0.00721    0.0152
     44/49     0.35G   0.03063  0.004304   0.01074   0.04568         9       256    0.8842    0.7298    0.8271     0.562    0.0369   0.00722   0.01508
     45/49     0.35G   0.03064  0.004342   0.01062    0.0456        14       256    0.8675    0.7424    0.8273    0.5631   0.03688  0.007221   0.01497
     46/49     0.35G   0.03045  0.004322   0.01033    0.0451        13       256    0.8798    0.7356    0.8291    0.5652   0.03685   0.00722   0.01492
     47/49     0.35G    0.0303  0.004289   0.01052   0.04511         9       256    0.8942     0.728     0.829    0.5656   0.03682  0.007224   0.01484
     48/49     0.35G   0.03024  0.004247   0.01044   0.04494        14       256     0.896    0.7277    0.8289    0.5673   0.03675  0.007232   0.01477
     49/49     0.35G   0.03022  0.004236   0.01022   0.04468        12       256    0.8914    0.7377     0.831    0.5683   0.03668  0.007239    0.0147
